{
 "cells": [
  {
   "cell_type": "code",
   "execution_count": 3,
   "metadata": {},
   "outputs": [],
   "source": [
    "import xml.etree.ElementTree as ET\n",
    "import random\n",
    "import matplotlib.pyplot as plt\n",
    "import pandas as pd\n",
    "import numpy as np\n",
    "import networkx as nx\n",
    "import seaborn as sns"
   ]
  },
  {
   "cell_type": "code",
   "execution_count": 4,
   "id": "922a9421",
   "metadata": {},
   "outputs": [
    {
     "name": "stdout",
     "output_type": "stream",
     "text": [
      "[0.0, 314.0, 2636.0, 666.0, 1096.0, 4645.0, 693.0, 2889.0, 287.0, 772.0, 1135.0, 2875.0, 1424.0, 2185.0, 1193.0, 846.0, 2142.0, 1127.0, 3104.0, 1484.0, 490.0, 990.0, 1950.0, 2855.0, 975.0, 926.0, 1214.0, 599.0, 2535.0, 3860.0, 3027.0, 1407.0, 1811.0, 359.0, 1060.0, 1557.0, 2959.0, 394.0, 2740.0, 98.0, 3538.0, 856.0, 2026.0, 1710.0, 1733.0, 508.0, 194.0, 532.0, 2906.0, 435.0, 335.0, 2470.0, 137.0, 234.0, 2072.0, 1196.0, 1517.0, 2635.0]\n",
      "[314.0, 0.0, 2730.0, 706.0, 791.0, 4588.0, 922.0, 2991.0, 217.0, 760.0, 1050.0, 2915.0, 1119.0, 1776.0, 1451.0, 5410.0, 2182.0, 846.0, 3333.0, 578.0, 721.0, 1030.0, 1990.0, 2895.0, 670.0, 835.0, 909.0, 287.0, 2575.0, 3803.0, 3067.0, 1102.0, 1505.0, 158.0, 439.0, 1248.0, 2902.0, 287.0, 2780.0, 276.0, 3436.0, 771.0, 2066.0, 1395.0, 1740.0, 407.0, 279.0, 334.0, 3135.0, 337.0, 235.0, 2699.0, 451.0, 546.0, 1882.0, 2699.0, 1557.0, 2713.0]\n",
      "[2636.0, 2730.0, 0.0, 2824.0, 3457.0, 6083.0, 2120.0, 2040.0, 2844.0, 2973.0, 3937.0, 1958.0, 3710.0, 4363.0, 2941.0, 3207.0, 1991.0, 3512.0, 1571.0, 3392.0, 2013.0, 2922.0, 2368.0, 2170.0, 3336.0, 3503.0, 3500.0, 2884.0, 2109.0, 5298.0, 2108.0, 3643.0, 4092.0, 2934.0, 3093.0, 3843.0, 4391.0, 2763.0, 2083.0, 2543.0, 4925.0, 3236.0, 2107.0, 3939.0, 4274.0, 3008.0, 2522.0, 3006.0, 806.0, 2936.0, 3026.0, 947.0, 2464.0, 2364.0, 4208.0, 3116.0, 2390.0, 2437.0]\n",
      "[666.0, 706.0, 2824.0, 0.0, 1247.0, 4746.0, 716.0, 2223.0, 584.0, 1442.0, 694.0, 2089.0, 1577.0, 2230.0, 1609.0, 1003.0, 1260.0, 1297.0, 2535.0, 1511.0, 908.0, 324.0, 1116.0, 2183.0, 1126.0, 260.0, 1367.0, 996.0, 1863.0, 3961.0, 2355.0, 1565.0, 1959.0, 660.0, 1106.0, 1710.0, 3060.0, 991.0, 2068.0, 523.0, 3594.0, 434.0, 1354.0, 1861.0, 2196.0, 658.0, 750.0, 563.0, 2929.0, 586.0, 668.0, 2493.0, 494.0, 557.0, 2130.0, 524.0, 851.0, 1600.0]\n",
      "[1096.0, 791.0, 3457.0, 1247.0, 0.0, 5126.0, 1653.0, 3545.0, 708.0, 1298.0, 1342.0, 3451.0, 347.0, 1126.0, 1989.0, 250.0, 2736.0, 138.0, 3786.0, 888.0, 1452.0, 1671.0, 2336.0, 3431.0, 124.0, 1165.0, 189.0, 640.0, 3110.0, 4341.0, 3603.0, 489.0, 855.0, 730.0, 364.0, 598.0, 3440.0, 841.0, 3316.0, 919.0, 3974.0, 1063.0, 2620.0, 940.0, 1090.0, 722.0, 921.0, 761.0, 3866.0, 652.0, 754.0, 3430.0, 1096.0, 1191.0, 1232.0, 1582.0, 2098.0, 2845.0]\n",
      "[4645.0, 4588.0, 6083.0, 4746.0, 5126.0, 0.0, 4267.0, 6553.0, 4826.0, 3830.0, 5951.0, 6417.0, 5423.0, 6089.0, 3142.0, 4876.0, 5676.0, 5181.0, 6678.0, 4720.0, 4074.0, 5071.0, 5724.0, 6675.0, 5000.0, 4993.0, 5221.0, 4494.0, 6265.0, 785.0, 6776.0, 5265.0, 5756.0, 4628.0, 4747.0, 5511.0, 1686.0, 4276.0, 6472.0, 4447.0, 2230.0, 5167.0, 5784.0, 5561.0, 5891.0, 4902.0, 4353.0, 4922.0, 6480.0, 4759.0, 4771.0, 6044.0, 4299.0, 4199.0, 5830.0, 5271.0, 5404.0, 6002.0]\n",
      "[693.0, 922.0, 2120.0, 716.0, 1653.0, 4267.0, 0.0, 2296.0, 923.0, 1175.0, 1282.0, 2162.0, 1906.0, 2559.0, 1133.0, 1352.0, 1422.0, 1651.0, 2423.0, 1588.0, 209.0, 1030.0, 1461.0, 2420.0, 1538.0, 965.0, 1716.0, 1112.0, 2010.0, 3482.0, 2521.0, 1839.0, 2288.0, 1000.0, 1289.0, 2039.0, 2551.0, 955.0, 2217.0, 715.0, 3125.0, 1145.0, 1529.0, 2131.0, 2466.0, 1087.0, 718.0, 1083.0, 2225.0, 1015.0, 960.0, 1789.0, 537.0, 436.0, 2400.0, 1238.0, 1199.0, 1743.0]\n",
      "[2889.0, 2991.0, 2040.0, 2223.0, 3545.0, 6553.0, 2296.0, 0.0, 2869.0, 3459.0, 2366.0, 147.0, 3741.0, 4399.0, 3417.0, 3163.0, 924.0, 3462.0, 681.0, 3734.0, 2493.0, 1934.0, 1377.0, 130.0, 3402.0, 2449.0, 3531.0, 3219.0, 343.0, 5766.0, 228.0, 3724.0, 4128.0, 2883.0, 3277.0, 3870.0, 4835.0, 3214.0, 184.0, 2746.0, 4875.0, 2492.0, 925.0, 4017.0, 4362.0, 2985.0, 2973.0, 2831.0, 1544.0, 2913.0, 2891.0, 1103.0, 2717.0, 2655.0, 4504.0, 1972.0, 1447.0, 594.0]\n",
      "[287.0, 217.0, 2844.0, 584.0, 708.0, 4826.0, 923.0, 2869.0, 0.0, 1004.0, 781.0, 2793.0, 1036.0, 1694.0, 1694.0, 458.0, 1844.0, 757.0, 3125.0, 1096.0, 827.0, 908.0, 1702.0, 2773.0, 587.0, 844.0, 826.0, 455.0, 2453.0, 4041.0, 2945.0, 1019.0, 1423.0, 75.0, 572.0, 1165.0, 3140.0, 560.0, 2658.0, 227.0, 3674.0, 502.0, 1944.0, 1312.0, 1650.0, 170.0, 383.0, 169.0, 3136.0, 98.0, 80.0, 2700.0, 411.0, 508.0, 1584.0, 948.0, 1435.0, 2182.0]\n",
      "[772.0, 760.0, 2973.0, 1442.0, 1298.0, 3830.0, 1175.0, 3459.0, 1004.0, 0.0, 2128.0, 3322.0, 1609.0, 2266.0, 693.0, 1041.0, 2585.0, 1353.0, 3586.0, 887.0, 974.0, 2553.0, 2624.0, 3583.0, 1177.0, 1488.0, 1398.0, 673.0, 3173.0, 3045.0, 3684.0, 1444.0, 1935.0, 941.0, 926.0, 1686.0, 2149.0, 455.0, 3380.0, 894.0, 2688.0, 1433.0, 2692.0, 1740.0, 2070.0, 1081.0, 696.0, 1101.0, 3388.0, 1009.0, 950.0, 2952.0, 1063.0, 964.0, 2009.0, 1972.0, 2286.0, 2906.0]\n",
      "[1135.0, 1050.0, 3937.0, 694.0, 1342.0, 5951.0, 1282.0, 2366.0, 781.0, 2128.0, 0.0, 2265.0, 1695.0, 2353.0, 2819.0, 1117.0, 1557.0, 1416.0, 2636.0, 1755.0, 1608.0, 456.0, 1002.0, 2245.0, 1246.0, 257.0, 1485.0, 1225.0, 1925.0, 5166.0, 2417.0, 1678.0, 2082.0, 871.0, 1231.0, 1824.0, 4265.0, 1290.0, 2130.0, 1019.0, 4799.0, 279.0, 1441.0, 1971.0, 2309.0, 772.0, 1148.0, 618.0, 2844.0, 700.0, 802.0, 2413.0, 1188.0, 1248.0, 2243.0, 248.0, 1210.0, 1658.0]\n",
      "[2875.0, 2915.0, 1958.0, 2089.0, 3451.0, 6417.0, 2162.0, 147.0, 2793.0, 3322.0, 2265.0, 0.0, 3607.0, 4265.0, 3283.0, 3029.0, 931.0, 3328.0, 817.0, 3600.0, 2359.0, 1876.0, 1267.0, 200.0, 3158.0, 2339.0, 3397.0, 3120.0, 211.0, 5632.0, 366.0, 3590.0, 4004.0, 2766.0, 3134.0, 3736.0, 4701.0, 3185.0, 135.0, 2914.0, 5274.0, 2267.0, 815.0, 3883.0, 4221.0, 2667.0, 3043.0, 2606.0, 1451.0, 2595.0, 2697.0, 1011.0, 2563.0, 2623.0, 4155.0, 1834.0, 1337.0, 464.0]\n",
      "[1424.0, 1119.0, 3710.0, 1577.0, 347.0, 5423.0, 1906.0, 3741.0, 1036.0, 1609.0, 1695.0, 3607.0, 0.0, 665.0, 2300.0, 578.0, 2845.0, 474.0, 4116.0, 1216.0, 1705.0, 1901.0, 2693.0, 3848.0, 652.0, 1480.0, 224.0, 968.0, 3547.0, 4648.0, 4020.0, 176.0, 394.0, 1153.0, 692.0, 137.0, 3752.0, 1169.0, 3744.0, 1301.0, 4291.0, 1420.0, 3047.0, 479.0, 629.0, 1059.0, 1249.0, 1079.0, 4119.0, 982.0, 967.0, 3683.0, 1424.0, 1421.0, 771.0, 1939.0, 2901.0, 3334.0]\n",
      "[2185.0, 1776.0, 4363.0, 2230.0, 1126.0, 6089.0, 2559.0, 4399.0, 1694.0, 2266.0, 2353.0, 4265.0, 665.0, 0.0, 2957.0, 1236.0, 3706.0, 992.0, 4774.0, 1471.0, 2358.0, 2654.0, 3346.0, 4589.0, 1177.0, 2151.0, 887.0, 1564.0, 4099.0, 5304.0, 4591.0, 818.0, 262.0, 1716.0, 1350.0, 528.0, 4408.0, 1827.0, 4306.0, 1905.0, 4947.0, 2073.0, 3590.0, 562.0, 607.0, 1717.0, 2093.0, 1742.0, 4772.0, 1645.0, 1747.0, 4036.0, 2082.0, 2179.0, 760.0, 2592.0, 3554.0, 3987.0]\n",
      "[1193.0, 1451.0, 2941.0, 1609.0, 1989.0, 3142.0, 1133.0, 3417.0, 1694.0, 693.0, 2819.0, 3283.0, 2300.0, 2957.0, 0.0, 1734.0, 2543.0, 2044.0, 3544.0, 1578.0, 932.0, 1939.0, 2582.0, 3304.0, 1868.0, 1861.0, 2089.0, 1362.0, 3131.0, 2357.0, 3642.0, 2133.0, 2624.0, 1491.0, 1615.0, 2379.0, 1456.0, 1144.0, 3338.0, 1310.0, 1990.0, 2035.0, 2650.0, 2429.0, 2759.0, 1770.0, 1216.0, 1790.0, 3346.0, 1622.0, 1639.0, 2910.0, 1162.0, 1062.0, 2698.0, 2139.0, 2278.0, 2870.0]\n",
      "[846.0, 5410.0, 3207.0, 1003.0, 250.0, 4876.0, 1352.0, 3163.0, 458.0, 1041.0, 1117.0, 3029.0, 578.0, 1236.0, 1734.0, 0.0, 2267.0, 300.0, 3542.0, 638.0, 1202.0, 1328.0, 2094.0, 3187.0, 129.0, 915.0, 368.0, 390.0, 2866.0, 4091.0, 3359.0, 561.0, 965.0, 480.0, 114.0, 711.0, 3190.0, 591.0, 3072.0, 669.0, 3724.0, 846.0, 2379.0, 854.0, 1192.0, 392.0, 671.0, 511.0, 3565.0, 408.0, 388.0, 3129.0, 846.0, 950.0, 1126.0, 1347.0, 1860.0, 2601.0]\n",
      "[2142.0, 2182.0, 1991.0, 1260.0, 2736.0, 5676.0, 1422.0, 924.0, 1844.0, 2585.0, 1557.0, 931.0, 2845.0, 3706.0, 2543.0, 2267.0, 0.0, 2566.0, 1273.0, 2905.0, 1619.0, 1175.0, 564.0, 1068.0, 2600.0, 1638.0, 2841.0, 2470.0, 770.0, 5113.0, 1240.0, 3039.0, 3433.0, 2134.0, 2580.0, 3184.0, 4182.0, 2465.0, 953.0, 1997.0, 4756.0, 1834.0, 114.0, 3335.0, 3670.0, 2388.0, 2349.0, 1984.0, 1715.0, 2068.0, 2074.0, 1284.0, 1968.0, 2031.0, 3604.0, 1340.0, 636.0, 330.0]\n",
      "[1127.0, 846.0, 3512.0, 1297.0, 138.0, 5181.0, 1651.0, 3462.0, 757.0, 1353.0, 1416.0, 3328.0, 474.0, 992.0, 2044.0, 300.0, 2566.0, 0.0, 3841.0, 945.0, 1507.0, 1627.0, 2393.0, 3486.0, 178.0, 1214.0, 254.0, 652.0, 3165.0, 4396.0, 3658.0, 531.0, 730.0, 1079.0, 374.0, 476.0, 3495.0, 856.0, 3371.0, 968.0, 4029.0, 1140.0, 2678.0, 806.0, 960.0, 691.0, 978.0, 810.0, 3864.0, 707.0, 687.0, 3428.0, 1145.0, 1249.0, 1096.0, 1646.0, 2159.0, 3049.0]\n",
      "[3104.0, 3333.0, 1571.0, 2535.0, 3786.0, 6678.0, 2423.0, 681.0, 3125.0, 3586.0, 2636.0, 817.0, 4116.0, 4774.0, 3544.0, 3542.0, 1273.0, 3841.0, 0.0, 3998.0, 2620.0, 2217.0, 1647.0, 693.0, 3665.0, 2676.0, 3906.0, 3487.0, 1052.0, 5893.0, 537.0, 4108.0, 4503.0, 3201.0, 3635.0, 4249.0, 4962.0, 3366.0, 800.0, 3064.0, 5536.0, 2804.0, 1385.0, 4401.0, 4739.0, 3199.0, 3129.0, 3032.0, 1070.0, 3122.0, 3209.0, 634.0, 2948.0, 2846.0, 4673.0, 2395.0, 1681.0, 1302.0]\n",
      "[1484.0, 578.0, 3392.0, 1511.0, 888.0, 4720.0, 1588.0, 3734.0, 1096.0, 887.0, 1755.0, 3600.0, 1216.0, 1471.0, 1578.0, 638.0, 2905.0, 945.0, 3998.0, 0.0, 1383.0, 1835.0, 2627.0, 3846.0, 767.0, 1771.0, 788.0, 520.0, 3380.0, 3925.0, 3872.0, 938.0, 1200.0, 842.0, 524.0, 943.0, 3024.0, 607.0, 3585.0, 892.0, 3558.0, 1470.0, 2871.0, 1288.0, 1438.0, 1118.0, 742.0, 1143.0, 3801.0, 1046.0, 976.0, 3365.0, 1076.0, 1174.0, 1185.0, 1989.0, 2951.0, 3399.0]\n",
      "[490.0, 721.0, 2013.0, 908.0, 1452.0, 4074.0, 209.0, 2493.0, 827.0, 974.0, 1608.0, 2359.0, 1705.0, 2358.0, 932.0, 1202.0, 1619.0, 1507.0, 2620.0, 1383.0, 0.0, 1238.0, 1612.0, 2617.0, 1332.0, 1174.0, 1495.0, 875.0, 2211.0, 3289.0, 2718.0, 1634.0, 2087.0, 774.0, 1109.0, 1838.0, 2388.0, 754.0, 2414.0, 607.0, 2922.0, 1348.0, 1726.0, 1930.0, 2265.0, 991.0, 517.0, 983.0, 2422.0, 919.0, 880.0, 1986.0, 459.0, 359.0, 2199.0, 1438.0, 1350.0, 1946.0]\n",
      "[990.0, 1030.0, 2922.0, 324.0, 1671.0, 5071.0, 1030.0, 1934.0, 908.0, 2553.0, 456.0, 1876.0, 1901.0, 2654.0, 1939.0, 1328.0, 1175.0, 1627.0, 2217.0, 1835.0, 1238.0, 0.0, 801.0, 1865.0, 1450.0, 554.0, 2243.0, 1546.0, 1545.0, 4286.0, 2037.0, 1889.0, 2293.0, 984.0, 1542.0, 2040.0, 3385.0, 1315.0, 1750.0, 847.0, 3919.0, 600.0, 1061.0, 2182.0, 2510.0, 1093.0, 1074.0, 887.0, 2425.0, 1021.0, 992.0, 1994.0, 818.0, 881.0, 2454.0, 432.0, 1394.0, 1278.0]\n",
      "[1950.0, 1990.0, 2368.0, 1116.0, 2336.0, 5724.0, 1461.0, 1377.0, 1702.0, 2624.0, 1002.0, 1267.0, 2693.0, 3346.0, 2582.0, 2094.0, 564.0, 2393.0, 1647.0, 2627.0, 1612.0, 801.0, 0.0, 1256.0, 2083.0, 1252.0, 2324.0, 2058.0, 936.0, 4929.0, 1428.0, 2517.0, 2686.0, 1841.0, 2057.0, 2806.0, 4038.0, 2123.0, 1141.0, 1849.0, 4572.0, 1275.0, 452.0, 2805.0, 3143.0, 1610.0, 2020.0, 1612.0, 1869.0, 1542.0, 1642.0, 1422.0, 1748.0, 1811.0, 3082.0, 754.0, 259.0, 669.0]\n",
      "[2855.0, 2895.0, 2170.0, 2183.0, 3431.0, 6675.0, 2420.0, 130.0, 2773.0, 3583.0, 2245.0, 200.0, 3848.0, 4589.0, 3304.0, 3187.0, 1068.0, 3486.0, 693.0, 3846.0, 2617.0, 1865.0, 1256.0, 0.0, 3310.0, 2324.0, 3551.0, 3185.0, 372.0, 5890.0, 190.0, 3754.0, 4148.0, 2849.0, 3295.0, 3899.0, 4959.0, 3180.0, 125.0, 2712.0, 5533.0, 2524.0, 954.0, 4050.0, 4385.0, 2836.0, 2939.0, 2644.0, 1669.0, 2764.0, 2857.0, 1233.0, 2683.0, 2746.0, 4319.0, 2004.0, 1326.0, 627.0]\n",
      "[975.0, 670.0, 3336.0, 1126.0, 124.0, 5000.0, 1538.0, 3402.0, 587.0, 1177.0, 1246.0, 3158.0, 652.0, 1177.0, 1868.0, 129.0, 2600.0, 178.0, 3665.0, 767.0, 1332.0, 1450.0, 2083.0, 3310.0, 0.0, 1044.0, 432.0, 519.0, 2995.0, 4215.0, 3487.0, 709.0, 908.0, 609.0, 243.0, 639.0, 3314.0, 720.0, 3200.0, 798.0, 3848.0, 969.0, 2486.0, 984.0, 1138.0, 528.0, 800.0, 640.0, 3751.0, 536.0, 517.0, 3315.0, 975.0, 1078.0, 1274.0, 1329.0, 1189.0, 2878.0]\n",
      "[926.0, 835.0, 3503.0, 260.0, 1165.0, 4993.0, 965.0, 2449.0, 844.0, 1488.0, 257.0, 2339.0, 1480.0, 2151.0, 1861.0, 915.0, 1638.0, 1214.0, 2676.0, 1771.0, 1174.0, 554.0, 1252.0, 2324.0, 1044.0, 0.0, 1275.0, 1023.0, 2004.0, 4208.0, 2496.0, 1468.0, 1637.0, 669.0, 1022.0, 1627.0, 3307.0, 1088.0, 2209.0, 783.0, 3841.0, 184.0, 1524.0, 1756.0, 2094.0, 570.0, 946.0, 523.0, 3178.0, 498.0, 600.0, 2742.0, 754.0, 817.0, 2033.0, 498.0, 1460.0, 1737.0]\n",
      "[1214.0, 909.0, 3500.0, 1367.0, 189.0, 5221.0, 1716.0, 3531.0, 826.0, 1398.0, 1485.0, 3397.0, 224.0, 887.0, 2089.0, 368.0, 2841.0, 254.0, 3906.0, 788.0, 1495.0, 2243.0, 2324.0, 3551.0, 432.0, 1275.0, 0.0, 758.0, 3236.0, 4436.0, 4225.0, 283.0, 606.0, 848.0, 482.0, 359.0, 3535.0, 959.0, 3441.0, 1037.0, 4069.0, 1210.0, 2727.0, 701.0, 851.0, 702.0, 1039.0, 879.0, 3929.0, 777.0, 756.0, 3493.0, 1214.0, 1311.0, 1494.0, 1570.0, 2532.0, 3124.0]\n",
      "[599.0, 287.0, 2884.0, 996.0, 640.0, 4494.0, 1112.0, 3219.0, 455.0, 673.0, 1225.0, 3120.0, 968.0, 1564.0, 1362.0, 390.0, 2470.0, 652.0, 3487.0, 520.0, 875.0, 1546.0, 2058.0, 3185.0, 519.0, 1023.0, 758.0, 0.0, 2865.0, 3709.0, 3036.0, 478.0, 1293.0, 354.0, 274.0, 1036.0, 2808.0, 366.0, 3070.0, 447.0, 3342.0, 949.0, 2356.0, 708.0, 837.0, 577.0, 367.0, 623.0, 3325.0, 525.0, 523.0, 2889.0, 631.0, 728.0, 1635.0, 1304.0, 2266.0, 2878.0]\n",
      "[2535.0, 2575.0, 2109.0, 1863.0, 3110.0, 6265.0, 2010.0, 343.0, 2453.0, 3173.0, 1925.0, 211.0, 3547.0, 4099.0, 3131.0, 2866.0, 770.0, 3165.0, 1052.0, 3380.0, 2211.0, 1545.0, 936.0, 372.0, 2995.0, 2004.0, 3236.0, 2865.0, 0.0, 5480.0, 549.0, 3434.0, 3828.0, 2529.0, 2975.0, 3579.0, 4549.0, 2860.0, 257.0, 2392.0, 5123.0, 2204.0, 656.0, 3730.0, 4065.0, 2527.0, 2619.0, 2354.0, 1608.0, 2444.0, 2537.0, 1172.0, 2406.0, 2305.0, 3999.0, 1684.0, 1006.0, 307.0]\n",
      "[3860.0, 3803.0, 5298.0, 3961.0, 4341.0, 785.0, 3482.0, 5766.0, 4041.0, 3045.0, 5166.0, 5632.0, 4648.0, 5304.0, 2357.0, 4091.0, 5113.0, 4396.0, 5893.0, 3925.0, 3289.0, 4286.0, 4929.0, 5890.0, 4215.0, 4208.0, 4436.0, 3709.0, 5480.0, 0.0, 5991.0, 4480.0, 4971.0, 3843.0, 3962.0, 4791.0, 901.0, 3491.0, 5687.0, 3662.0, 1445.0, 4615.0, 4999.0, 4776.0, 5106.0, 4117.0, 3568.0, 4137.0, 5695.0, 3969.0, 3986.0, 5259.0, 3514.0, 3414.0, 5045.0, 4708.0, 4619.0, 5217.0]\n",
      "[3027.0, 3067.0, 2108.0, 2355.0, 3603.0, 6776.0, 2521.0, 228.0, 2945.0, 3684.0, 2417.0, 366.0, 4020.0, 4591.0, 3642.0, 3359.0, 1240.0, 3658.0, 537.0, 3872.0, 2718.0, 2037.0, 1428.0, 190.0, 3487.0, 2496.0, 4225.0, 3036.0, 549.0, 5991.0, 0.0, 3926.0, 4320.0, 3021.0, 3467.0, 4171.0, 5060.0, 3352.0, 297.0, 2884.0, 5634.0, 2696.0, 1126.0, 4222.0, 4557.0, 3008.0, 3114.0, 2846.0, 1607.0, 2936.0, 3162.0, 1171.0, 2855.0, 2918.0, 4491.0, 2176.0, 1498.0, 799.0]\n",
      "[1407.0, 1102.0, 3643.0, 1565.0, 489.0, 5265.0, 1839.0, 3724.0, 1019.0, 1444.0, 1678.0, 3590.0, 176.0, 818.0, 2133.0, 561.0, 3039.0, 531.0, 4108.0, 938.0, 1634.0, 1889.0, 2517.0, 3754.0, 709.0, 1468.0, 283.0, 478.0, 3434.0, 4480.0, 3926.0, 0.0, 547.0, 1041.0, 675.0, 290.0, 3579.0, 1152.0, 3639.0, 1230.0, 4113.0, 1402.0, 2925.0, 213.0, 435.0, 802.0, 1232.0, 1072.0, 4052.0, 970.0, 949.0, 3616.0, 1407.0, 1511.0, 413.0, 1763.0, 2725.0, 3305.0]\n",
      "[1811.0, 1505.0, 4092.0, 1959.0, 855.0, 5756.0, 2288.0, 4128.0, 1423.0, 1935.0, 2082.0, 4004.0, 394.0, 262.0, 2624.0, 965.0, 3433.0, 730.0, 4503.0, 1200.0, 2087.0, 2293.0, 2686.0, 4148.0, 908.0, 1637.0, 606.0, 1293.0, 3828.0, 4971.0, 4320.0, 547.0, 0.0, 1444.0, 1016.0, 257.0, 4002.0, 1493.0, 4041.0, 1638.0, 4604.0, 1802.0, 3319.0, 354.0, 229.0, 1356.0, 1849.0, 1475.0, 4501.0, 1139.0, 1352.0, 4065.0, 1839.0, 1931.0, 300.0, 1932.0, 2899.0, 3716.0]\n",
      "[359.0, 158.0, 2934.0, 660.0, 730.0, 4628.0, 1000.0, 2883.0, 75.0, 941.0, 871.0, 2766.0, 1153.0, 1716.0, 1491.0, 480.0, 2134.0, 1079.0, 3201.0, 842.0, 774.0, 984.0, 1841.0, 2849.0, 609.0, 669.0, 848.0, 354.0, 2529.0, 3843.0, 3021.0, 1041.0, 1444.0, 0.0, 594.0, 1187.0, 2942.0, 329.0, 2734.0, 148.0, 3476.0, 567.0, 2020.0, 1335.0, 1672.0, 243.0, 287.0, 268.0, 3213.0, 171.0, 107.0, 2777.0, 315.0, 419.0, 1606.0, 1087.0, 2049.0, 2251.0]\n",
      "[1060.0, 439.0, 3093.0, 1106.0, 364.0, 4747.0, 1289.0, 3277.0, 572.0, 926.0, 1231.0, 3134.0, 692.0, 1350.0, 1615.0, 114.0, 2580.0, 374.0, 3635.0, 524.0, 1109.0, 1542.0, 2057.0, 3295.0, 243.0, 1022.0, 482.0, 274.0, 2975.0, 3962.0, 3467.0, 675.0, 1016.0, 594.0, 0.0, 759.0, 3061.0, 705.0, 3180.0, 635.0, 3595.0, 971.0, 2466.0, 968.0, 1306.0, 506.0, 705.0, 625.0, 3502.0, 524.0, 502.0, 3066.0, 960.0, 1064.0, 1240.0, 1303.0, 1974.0, 2878.0]\n",
      "[1557.0, 1248.0, 3843.0, 1710.0, 598.0, 5511.0, 2039.0, 3870.0, 1165.0, 1686.0, 1824.0, 3736.0, 137.0, 528.0, 2379.0, 711.0, 3184.0, 476.0, 4249.0, 943.0, 1838.0, 2040.0, 2806.0, 3899.0, 639.0, 1627.0, 359.0, 1036.0, 3579.0, 4791.0, 4171.0, 290.0, 257.0, 1187.0, 759.0, 0.0, 3825.0, 1236.0, 3784.0, 1381.0, 4359.0, 1553.0, 3070.0, 342.0, 492.0, 1099.0, 1592.0, 1218.0, 4252.0, 1115.0, 1095.0, 3816.0, 1560.0, 1672.0, 634.0, 1908.0, 2570.0, 3467.0]\n",
      "[2959.0, 2902.0, 4391.0, 3060.0, 3440.0, 1686.0, 2551.0, 4835.0, 3140.0, 2149.0, 4265.0, 4701.0, 3752.0, 4408.0, 1456.0, 3190.0, 4182.0, 3495.0, 4962.0, 3024.0, 2388.0, 3385.0, 4038.0, 4959.0, 3314.0, 3307.0, 3535.0, 2808.0, 4549.0, 901.0, 5060.0, 3579.0, 4002.0, 2942.0, 3061.0, 3825.0, 0.0, 2590.0, 4848.0, 2761.0, 544.0, 3481.0, 4068.0, 3875.0, 4505.0, 3145.0, 2667.0, 3236.0, 4764.0, 3073.0, 3083.0, 4328.0, 2613.0, 2513.0, 4144.0, 3590.0, 3718.0, 4316.0]\n",
      "[394.0, 287.0, 2763.0, 991.0, 841.0, 4276.0, 955.0, 3214.0, 560.0, 455.0, 1290.0, 3185.0, 1169.0, 1827.0, 1144.0, 591.0, 2465.0, 856.0, 3366.0, 607.0, 754.0, 1315.0, 2123.0, 3180.0, 720.0, 1088.0, 959.0, 366.0, 2860.0, 3491.0, 3352.0, 1152.0, 1493.0, 329.0, 705.0, 1236.0, 2590.0, 0.0, 3065.0, 432.0, 3124.0, 1014.0, 2351.0, 1445.0, 1783.0, 602.0, 345.0, 688.0, 3168.0, 590.0, 488.0, 2732.0, 498.0, 589.0, 1717.0, 1369.0, 2331.0, 2963.0]\n",
      "[2740.0, 2780.0, 2083.0, 2068.0, 3316.0, 6472.0, 2217.0, 184.0, 2658.0, 3380.0, 2130.0, 135.0, 3744.0, 4306.0, 3338.0, 3072.0, 953.0, 3371.0, 800.0, 3585.0, 2414.0, 1750.0, 1141.0, 125.0, 3200.0, 2209.0, 3441.0, 3070.0, 257.0, 5687.0, 297.0, 3639.0, 4041.0, 2734.0, 3180.0, 3784.0, 4848.0, 3065.0, 0.0, 2597.0, 5330.0, 2409.0, 839.0, 3935.0, 4270.0, 2721.0, 2923.0, 2559.0, 1582.0, 2649.0, 2753.0, 1146.0, 2568.0, 2651.0, 4204.0, 1889.0, 1211.0, 512.0]\n",
      "[98.0, 276.0, 2543.0, 523.0, 919.0, 4447.0, 715.0, 2746.0, 227.0, 894.0, 1019.0, 2914.0, 1301.0, 1905.0, 1310.0, 669.0, 1997.0, 968.0, 3064.0, 892.0, 607.0, 847.0, 1849.0, 2712.0, 798.0, 783.0, 1037.0, 447.0, 2392.0, 3662.0, 2884.0, 1230.0, 1638.0, 148.0, 635.0, 1381.0, 2761.0, 432.0, 2597.0, 0.0, 3294.0, 722.0, 1883.0, 1423.0, 1783.0, 391.0, 192.0, 416.0, 2928.0, 319.0, 217.0, 2492.0, 184.0, 282.0, 1795.0, 1095.0, 2042.0, 2515.0]\n",
      "[3538.0, 3436.0, 4925.0, 3594.0, 3974.0, 2230.0, 3125.0, 4875.0, 3674.0, 2688.0, 4799.0, 5274.0, 4291.0, 4947.0, 1990.0, 3724.0, 4756.0, 4029.0, 5536.0, 3558.0, 2922.0, 3919.0, 4572.0, 5533.0, 3848.0, 3841.0, 4069.0, 3342.0, 5123.0, 1445.0, 5634.0, 4113.0, 4604.0, 3476.0, 3595.0, 4359.0, 544.0, 3124.0, 5330.0, 3294.0, 0.0, 4015.0, 4642.0, 4409.0, 4739.0, 3750.0, 3201.0, 3770.0, 5338.0, 3607.0, 3617.0, 4902.0, 3147.0, 3047.0, 4678.0, 4124.0, 4252.0, 4850.0]\n",
      "[856.0, 771.0, 3236.0, 434.0, 1063.0, 5167.0, 1145.0, 2492.0, 502.0, 1433.0, 279.0, 2267.0, 1420.0, 2073.0, 2035.0, 846.0, 1834.0, 1140.0, 2804.0, 1470.0, 1348.0, 600.0, 1275.0, 2524.0, 969.0, 184.0, 1210.0, 949.0, 2204.0, 4615.0, 2696.0, 1402.0, 1802.0, 567.0, 971.0, 1553.0, 3481.0, 1014.0, 2409.0, 722.0, 4015.0, 0.0, 1720.0, 1698.0, 2037.0, 554.0, 852.0, 339.0, 3004.0, 429.0, 533.0, 2571.0, 889.0, 993.0, 1967.0, 527.0, 1123.0, 1937.0]\n",
      "[2026.0, 2066.0, 2107.0, 1354.0, 2620.0, 5784.0, 1529.0, 925.0, 1944.0, 2692.0, 1441.0, 815.0, 3047.0, 3590.0, 2650.0, 2379.0, 114.0, 2678.0, 1385.0, 2871.0, 1726.0, 1061.0, 452.0, 954.0, 2486.0, 1524.0, 2727.0, 2356.0, 656.0, 4999.0, 1126.0, 2925.0, 3319.0, 2020.0, 2466.0, 3070.0, 4068.0, 2351.0, 839.0, 1883.0, 4642.0, 1720.0, 0.0, 3221.0, 3556.0, 2274.0, 2235.0, 1870.0, 1601.0, 1954.0, 1960.0, 1170.0, 1854.0, 1917.0, 3490.0, 1226.0, 522.0, 367.0]\n",
      "[1710.0, 1395.0, 3939.0, 1861.0, 940.0, 5561.0, 2131.0, 4017.0, 1312.0, 1740.0, 1971.0, 3883.0, 479.0, 562.0, 2429.0, 854.0, 3335.0, 806.0, 4401.0, 1288.0, 1930.0, 2182.0, 2805.0, 4050.0, 984.0, 1756.0, 701.0, 708.0, 3730.0, 4776.0, 4222.0, 213.0, 354.0, 1335.0, 968.0, 342.0, 3875.0, 1445.0, 3935.0, 1423.0, 4409.0, 1698.0, 3221.0, 0.0, 273.0, 1340.0, 1525.0, 1355.0, 4344.0, 1258.0, 942.0, 3908.0, 1700.0, 1798.0, 312.0, 2051.0, 3033.0, 3601.0]\n",
      "[1733.0, 1740.0, 4274.0, 2196.0, 1090.0, 5891.0, 2466.0, 4362.0, 1650.0, 2070.0, 2309.0, 4221.0, 629.0, 607.0, 2759.0, 1192.0, 3670.0, 960.0, 4739.0, 1438.0, 2265.0, 2510.0, 3143.0, 4385.0, 1138.0, 2094.0, 851.0, 837.0, 4065.0, 5106.0, 4557.0, 435.0, 229.0, 1672.0, 1306.0, 492.0, 4505.0, 1783.0, 4270.0, 1783.0, 4739.0, 2037.0, 3556.0, 273.0, 0.0, 1668.0, 1863.0, 1693.0, 4679.0, 1596.0, 1580.0, 4243.0, 2038.0, 2134.0, 254.0, 2389.0, 3351.0, 3936.0]\n",
      "[508.0, 407.0, 3008.0, 658.0, 722.0, 4902.0, 1087.0, 2985.0, 170.0, 1081.0, 772.0, 2667.0, 1059.0, 1717.0, 1770.0, 392.0, 2388.0, 691.0, 3199.0, 1118.0, 991.0, 1093.0, 1610.0, 2836.0, 528.0, 570.0, 702.0, 577.0, 2527.0, 4117.0, 3008.0, 802.0, 1356.0, 243.0, 506.0, 1099.0, 3145.0, 602.0, 2721.0, 391.0, 3750.0, 554.0, 2274.0, 1340.0, 1668.0, 0.0, 520.0, 86.0, 3299.0, 72.0, 170.0, 2864.0, 558.0, 662.0, 1489.0, 856.0, 1434.0, 2430.0]\n",
      "[194.0, 279.0, 2522.0, 750.0, 921.0, 4353.0, 718.0, 2973.0, 383.0, 696.0, 1148.0, 3043.0, 1249.0, 2093.0, 1216.0, 671.0, 2349.0, 978.0, 3129.0, 742.0, 517.0, 1074.0, 2020.0, 2939.0, 800.0, 946.0, 1039.0, 367.0, 2619.0, 3568.0, 3114.0, 1232.0, 1849.0, 287.0, 705.0, 1592.0, 2667.0, 345.0, 2923.0, 192.0, 3201.0, 852.0, 2235.0, 1525.0, 1863.0, 520.0, 0.0, 543.0, 2931.0, 448.0, 342.0, 2495.0, 239.0, 288.0, 1797.0, 1266.0, 1878.0, 2691.0]\n",
      "[532.0, 334.0, 3006.0, 563.0, 761.0, 4922.0, 1083.0, 2831.0, 169.0, 1101.0, 618.0, 2606.0, 1079.0, 1742.0, 1790.0, 511.0, 1984.0, 810.0, 3032.0, 1143.0, 983.0, 887.0, 1612.0, 2644.0, 640.0, 523.0, 879.0, 623.0, 2354.0, 4137.0, 2846.0, 1072.0, 1475.0, 268.0, 625.0, 1218.0, 3236.0, 688.0, 2559.0, 416.0, 3770.0, 339.0, 1870.0, 1355.0, 1693.0, 86.0, 543.0, 0.0, 3295.0, 97.0, 199.0, 2859.0, 588.0, 692.0, 1637.0, 858.0, 1339.0, 2087.0]\n",
      "[2906.0, 3135.0, 806.0, 2929.0, 3866.0, 6480.0, 2225.0, 1544.0, 3136.0, 3388.0, 2844.0, 1451.0, 4119.0, 4772.0, 3346.0, 3565.0, 1715.0, 3864.0, 1070.0, 3801.0, 2422.0, 2425.0, 1869.0, 1669.0, 3751.0, 3178.0, 3929.0, 3325.0, 1608.0, 5695.0, 1607.0, 4052.0, 4501.0, 3213.0, 3502.0, 4252.0, 4764.0, 3168.0, 1582.0, 2928.0, 5338.0, 3004.0, 1601.0, 4344.0, 4679.0, 3299.0, 2931.0, 3295.0, 0.0, 3227.0, 3206.0, 446.0, 2750.0, 2649.0, 4617.0, 2417.0, 1882.0, 1861.0]\n",
      "[435.0, 337.0, 2936.0, 586.0, 652.0, 4759.0, 1015.0, 2913.0, 98.0, 1009.0, 700.0, 2595.0, 982.0, 1645.0, 1622.0, 408.0, 2068.0, 707.0, 3122.0, 1046.0, 919.0, 1021.0, 1542.0, 2764.0, 536.0, 498.0, 777.0, 525.0, 2444.0, 3969.0, 2936.0, 970.0, 1139.0, 171.0, 524.0, 1115.0, 3073.0, 590.0, 2649.0, 319.0, 3607.0, 429.0, 1954.0, 1258.0, 1596.0, 72.0, 448.0, 97.0, 3227.0, 0.0, 102.0, 2791.0, 486.0, 590.0, 1535.0, 8700.0, 1441.0, 2358.0]\n",
      "[335.0, 235.0, 3026.0, 668.0, 754.0, 4771.0, 960.0, 2891.0, 80.0, 950.0, 802.0, 2697.0, 967.0, 1747.0, 1639.0, 388.0, 2074.0, 687.0, 3209.0, 976.0, 880.0, 992.0, 1642.0, 2857.0, 517.0, 600.0, 756.0, 523.0, 2537.0, 3986.0, 3162.0, 949.0, 1352.0, 107.0, 502.0, 1095.0, 3083.0, 488.0, 2753.0, 217.0, 3617.0, 533.0, 1960.0, 942.0, 1580.0, 170.0, 342.0, 199.0, 3206.0, 102.0, 0.0, 2770.0, 389.0, 497.0, 1514.0, 888.0, 1543.0, 2263.0]\n",
      "[2470.0, 2699.0, 947.0, 2493.0, 3430.0, 6044.0, 1789.0, 1103.0, 2700.0, 2952.0, 2413.0, 1011.0, 3683.0, 4036.0, 2910.0, 3129.0, 1284.0, 3428.0, 634.0, 3365.0, 1986.0, 1994.0, 1422.0, 1233.0, 3315.0, 2742.0, 3493.0, 2889.0, 1172.0, 5259.0, 1171.0, 3616.0, 4065.0, 2777.0, 3066.0, 3816.0, 4328.0, 2732.0, 1146.0, 2492.0, 4902.0, 2571.0, 1170.0, 3908.0, 4243.0, 2864.0, 2495.0, 2859.0, 446.0, 2791.0, 2770.0, 0.0, 2314.0, 2213.0, 4181.0, 2105.0, 1446.0, 1425.0]\n",
      "[137.0, 451.0, 2464.0, 494.0, 1096.0, 4299.0, 537.0, 2717.0, 411.0, 1063.0, 1188.0, 2563.0, 1424.0, 2082.0, 1162.0, 846.0, 1968.0, 1145.0, 2948.0, 1076.0, 459.0, 818.0, 1748.0, 2683.0, 975.0, 754.0, 1214.0, 631.0, 2406.0, 3514.0, 2855.0, 1407.0, 1839.0, 315.0, 960.0, 1560.0, 2613.0, 498.0, 2568.0, 184.0, 3147.0, 889.0, 1854.0, 1700.0, 2038.0, 558.0, 239.0, 588.0, 2750.0, 486.0, 389.0, 2314.0, 0.0, 112.0, 1972.0, 994.0, 1345.0, 2266.0]\n",
      "[234.0, 546.0, 2364.0, 557.0, 1191.0, 4199.0, 436.0, 2655.0, 508.0, 964.0, 1248.0, 2623.0, 1421.0, 2179.0, 1062.0, 950.0, 2031.0, 1249.0, 2846.0, 1174.0, 359.0, 881.0, 1811.0, 2746.0, 1078.0, 817.0, 1311.0, 728.0, 2305.0, 3414.0, 2918.0, 1511.0, 1931.0, 419.0, 1064.0, 1672.0, 2513.0, 589.0, 2651.0, 282.0, 3047.0, 993.0, 1917.0, 1798.0, 2134.0, 662.0, 288.0, 692.0, 2649.0, 590.0, 497.0, 2213.0, 112.0, 0.0, 2076.0, 1057.0, 1408.0, 2166.0]\n",
      "[2072.0, 1882.0, 4208.0, 2130.0, 1232.0, 5830.0, 2400.0, 4504.0, 1584.0, 2009.0, 2243.0, 4155.0, 771.0, 760.0, 2698.0, 1126.0, 3604.0, 1096.0, 4673.0, 1185.0, 2199.0, 2454.0, 3082.0, 4319.0, 1274.0, 2033.0, 1494.0, 1635.0, 3999.0, 5045.0, 4491.0, 413.0, 300.0, 1606.0, 1240.0, 634.0, 4144.0, 1717.0, 4204.0, 1795.0, 4678.0, 1967.0, 3490.0, 312.0, 254.0, 1489.0, 1797.0, 1637.0, 4617.0, 1535.0, 1514.0, 4181.0, 1972.0, 2076.0, 0.0, 2328.0, 2986.0, 3870.0]\n",
      "[1196.0, 2699.0, 3116.0, 524.0, 1582.0, 5271.0, 1238.0, 1972.0, 948.0, 1972.0, 248.0, 1834.0, 1939.0, 2592.0, 2139.0, 1347.0, 1340.0, 1646.0, 2395.0, 1989.0, 1438.0, 432.0, 754.0, 2004.0, 1329.0, 498.0, 1570.0, 1304.0, 1684.0, 4708.0, 2176.0, 1763.0, 1932.0, 1087.0, 1303.0, 1908.0, 3590.0, 1369.0, 1889.0, 1095.0, 4124.0, 527.0, 1226.0, 2051.0, 2389.0, 856.0, 1266.0, 858.0, 2417.0, 8700.0, 888.0, 2105.0, 994.0, 1057.0, 2328.0, 0.0, 962.0, 1417.0]\n",
      "[1517.0, 1557.0, 2390.0, 851.0, 2098.0, 5404.0, 1199.0, 1447.0, 1435.0, 2286.0, 1210.0, 1337.0, 2901.0, 3554.0, 2278.0, 1860.0, 636.0, 2159.0, 1681.0, 2951.0, 1350.0, 1394.0, 259.0, 1326.0, 1189.0, 1460.0, 2532.0, 2266.0, 1006.0, 4619.0, 1498.0, 2725.0, 2899.0, 2049.0, 1974.0, 2570.0, 3718.0, 2331.0, 1211.0, 2042.0, 4252.0, 1123.0, 522.0, 3033.0, 3351.0, 1434.0, 1878.0, 1339.0, 1882.0, 1441.0, 1543.0, 1446.0, 1345.0, 1408.0, 2986.0, 962.0, 0.0, 739.0]\n",
      "[2635.0, 2713.0, 2437.0, 1600.0, 2845.0, 6002.0, 1743.0, 594.0, 2182.0, 2906.0, 1658.0, 464.0, 3334.0, 3987.0, 2870.0, 2601.0, 330.0, 3049.0, 1302.0, 3399.0, 1946.0, 1278.0, 669.0, 627.0, 2878.0, 1737.0, 3124.0, 2878.0, 307.0, 5217.0, 799.0, 3305.0, 3716.0, 2251.0, 2878.0, 3467.0, 4316.0, 2963.0, 512.0, 2515.0, 4850.0, 1937.0, 367.0, 3601.0, 3936.0, 2430.0, 2691.0, 2087.0, 1861.0, 2358.0, 2263.0, 1425.0, 2266.0, 2166.0, 3870.0, 1417.0, 739.0, 0.0]\n"
     ]
    }
   ],
   "source": [
    "# 2D brazil\n",
    "tree = ET.parse('brazil58.xml')\n",
    "root = tree.getroot()\n",
    "num_vertices = len(root.findall('.//vertex'))\n",
    "costs = [[0.0] * num_vertices for _ in range(num_vertices)]\n",
    "\n",
    "count_vertex = 0\n",
    "for vertex in root.findall('.//vertex'):\n",
    "    source_id = count_vertex\n",
    "\n",
    "    for edge in vertex.findall('edge'):\n",
    "        target_id = int(edge.text)\n",
    "        cost = float(edge.get('cost'))\n",
    "        costs[source_id - 1][target_id - 1] = cost \n",
    "        \n",
    "    count_vertex += 1\n",
    "\n",
    "for i in costs:\n",
    "    print(i)\n"
   ]
  },
  {
   "cell_type": "markdown",
   "id": "8053cdb6",
   "metadata": {},
   "source": [
    "# BASIC ACO"
   ]
  },
  {
   "cell_type": "code",
   "execution_count": 5,
   "id": "c6c6c609",
   "metadata": {},
   "outputs": [],
   "source": [
    "# Function to initialize pheromone levels on edges\n",
    "def initialize_pheromones(num_vertices):\n",
    "    return [[1.0] * num_vertices for _ in range(num_vertices)]\n",
    "\n",
    "# Function to choose the next city based on pheromone levels and distances\n",
    "def choose_next_city(current_city, allowed_cities, pheromones, distances, alpha=1.0, beta=2.0):\n",
    "    allowed_cities_list = list(allowed_cities)\n",
    "    pheromone_values = [\n",
    "        pheromones[current_city][city] ** alpha * (1.0 / distances[current_city][city]) ** beta\n",
    "        for city in allowed_cities_list\n",
    "    ]\n",
    "    total = sum(pheromone_values)\n",
    "    probabilities = [value / total for value in pheromone_values]\n",
    "    chosen_city = random.choices(allowed_cities_list, probabilities)[0]\n",
    "    return chosen_city\n",
    "\n",
    "\n",
    "# Function to update pheromone levels based on ant paths\n",
    "def update_pheromones(pheromones, ant_paths, decay=0.3, Q=1.0):\n",
    "    for path_cost, path in ant_paths:\n",
    "        pheromone_increment = Q / path_cost\n",
    "        for i in range(len(path) - 1):\n",
    "            pheromones[path[i]][path[i + 1]] = (1.0 - decay) * pheromones[path[i]][path[i + 1]] + pheromone_increment\n",
    "\n",
    "# Ant Colony Optimization algorithm\n",
    "def ant_colony_optimization(num_ants, num_iterations, distances, alpha=1.0, beta=2.0, decay=0.3, Q=1.0):\n",
    "    num_vertices = len(distances)\n",
    "    pheromones = initialize_pheromones(num_vertices)\n",
    "\n",
    "    global_best_path = None\n",
    "    global_best_cost = float('inf')\n",
    "\n",
    "    for iteration in range(num_iterations):\n",
    "        ant_paths = []\n",
    "\n",
    "        for ant in range(num_ants):\n",
    "            current_city = random.randint(0, num_vertices - 1)\n",
    "            allowed_cities = set(range(num_vertices))\n",
    "            allowed_cities.remove(current_city)\n",
    "            path = [current_city]\n",
    "            path_cost = 0.0\n",
    "\n",
    "            while allowed_cities:\n",
    "                next_city = choose_next_city(current_city, allowed_cities, pheromones, distances, alpha, beta)\n",
    "                path_cost += distances[current_city][next_city]\n",
    "                path.append(next_city)\n",
    "                allowed_cities.remove(next_city)\n",
    "                current_city = next_city\n",
    "\n",
    "            path_cost += distances[path[-1]][path[0]]  \n",
    "            ant_paths.append((path_cost, path))\n",
    "\n",
    "            if path_cost < global_best_cost:\n",
    "                global_best_cost = path_cost\n",
    "                global_best_path = path\n",
    "\n",
    "        update_pheromones(pheromones, ant_paths, decay, Q)\n",
    "\n",
    "    return global_best_path, global_best_cost\n"
   ]
  },
  {
   "cell_type": "code",
   "execution_count": 7,
   "id": "baf77fa3",
   "metadata": {},
   "outputs": [
    {
     "name": "stdout",
     "output_type": "stream",
     "text": [
      " \n",
      "50 Ants, Best Cost: 36431.0\n",
      "150 Ants, Best Cost: 36357.0\n",
      "250 Ants, Best Cost: 35432.0\n",
      " \n",
      "50 Ants, Best Cost: 35060.0\n",
      "150 Ants, Best Cost: 36177.0\n",
      "250 Ants, Best Cost: 36720.0\n",
      " \n",
      "50 Ants, Best Cost: 39076.0\n",
      "150 Ants, Best Cost: 33936.0\n",
      "250 Ants, Best Cost: 34485.0\n",
      " \n",
      "50 Ants, Best Cost: 36678.0\n",
      "150 Ants, Best Cost: 35805.0\n",
      "250 Ants, Best Cost: 36025.0\n",
      " \n",
      "50 Ants, Best Cost: 37692.0\n",
      "150 Ants, Best Cost: 35385.0\n",
      "250 Ants, Best Cost: 35283.0\n"
     ]
    }
   ],
   "source": [
    "distances = costs  \n",
    "num_ants = [50, 150, 250]\n",
    "num_iterations = 100\n",
    "d_num_ants = {\"50\": [], \"150\": [], \"250\": []}\n",
    "\n",
    "for _ in range(5):\n",
    "    print(\" \")\n",
    "    for i in num_ants:\n",
    "        best_path, best_cost = ant_colony_optimization(i, num_iterations, distances)\n",
    "        print(f\"{i} Ants, Best Cost: {best_cost}\")\n",
    "        d_num_ants[str(i)].append(best_cost)\n",
    "\n",
    "data = d_num_ants"
   ]
  },
  {
   "cell_type": "code",
   "execution_count": 8,
   "id": "ff0c09aa",
   "metadata": {},
   "outputs": [
    {
     "data": {
      "text/html": [
       "<div>\n",
       "<style scoped>\n",
       "    .dataframe tbody tr th:only-of-type {\n",
       "        vertical-align: middle;\n",
       "    }\n",
       "\n",
       "    .dataframe tbody tr th {\n",
       "        vertical-align: top;\n",
       "    }\n",
       "\n",
       "    .dataframe thead th {\n",
       "        text-align: right;\n",
       "    }\n",
       "</style>\n",
       "<table border=\"1\" class=\"dataframe\">\n",
       "  <thead>\n",
       "    <tr style=\"text-align: right;\">\n",
       "      <th></th>\n",
       "      <th>Ants</th>\n",
       "      <th>Mean</th>\n",
       "      <th>IQR</th>\n",
       "    </tr>\n",
       "  </thead>\n",
       "  <tbody>\n",
       "    <tr>\n",
       "      <th>0</th>\n",
       "      <td>50</td>\n",
       "      <td>36987.4</td>\n",
       "      <td>1261.0</td>\n",
       "    </tr>\n",
       "    <tr>\n",
       "      <th>1</th>\n",
       "      <td>150</td>\n",
       "      <td>35532.0</td>\n",
       "      <td>792.0</td>\n",
       "    </tr>\n",
       "    <tr>\n",
       "      <th>2</th>\n",
       "      <td>250</td>\n",
       "      <td>35589.0</td>\n",
       "      <td>742.0</td>\n",
       "    </tr>\n",
       "  </tbody>\n",
       "</table>\n",
       "</div>"
      ],
      "text/plain": [
       "   Ants     Mean     IQR\n",
       "0    50  36987.4  1261.0\n",
       "1   150  35532.0   792.0\n",
       "2   250  35589.0   742.0"
      ]
     },
     "execution_count": 8,
     "metadata": {},
     "output_type": "execute_result"
    }
   ],
   "source": [
    "# Calculate the mean average and interquartile range per key\n",
    "mean_values = {key: np.mean(values) for key, values in data.items()}\n",
    "iqr_values = {key: np.percentile(values, 75) - np.percentile(values, 25) for key, values in data.items()}\n",
    "\n",
    "# Create a pandas DataFrame\n",
    "df = pd.DataFrame(list(mean_values.items()), columns=['Ants', 'Mean'])\n",
    "df['Ants'] = df['Ants'].astype(int)  \n",
    "df['IQR'] = df['Ants'].astype(str).map(iqr_values)\n",
    "\n",
    "# Sort the DataFrame by 'Key'\n",
    "df = df.sort_values(by='Ants')\n",
    "\n",
    "df.head()\n"
   ]
  },
  {
   "cell_type": "markdown",
   "id": "e114626e",
   "metadata": {},
   "source": [
    "# MMAS ACO"
   ]
  },
  {
   "cell_type": "code",
   "execution_count": 9,
   "id": "bce7f743",
   "metadata": {},
   "outputs": [],
   "source": [
    "def initialize_pheromones(graph, initial_pheromone=1.0):\n",
    "    pheromones = np.full_like(graph, initial_pheromone)\n",
    "    np.fill_diagonal(pheromones, 0)  # Set pheromones on the diagonal to 0\n",
    "    return pheromones\n",
    "\n",
    "def ant_colony(graph, num_ants, alpha, beta, rho, q):\n",
    "    pheromones = initialize_pheromones(graph)\n",
    "    best_path = None\n",
    "    best_cost = float('inf')\n",
    "\n",
    "    for _ in range(num_ants):\n",
    "        ant_path, ant_cost = construct_solution(graph, pheromones, alpha, beta)\n",
    "        if ant_cost < best_cost:\n",
    "            best_path = ant_path\n",
    "            best_cost = ant_cost\n",
    "\n",
    "        update_pheromones(pheromones, ant_path, ant_cost, rho, q)\n",
    "\n",
    "    return best_path, best_cost\n",
    "\n",
    "def construct_solution(graph, pheromones, alpha, beta):\n",
    "    start = np.random.choice(len(graph))\n",
    "    visited = set([start])\n",
    "    path = [start]\n",
    "    cost = 0\n",
    "\n",
    "    while len(visited) < len(graph):\n",
    "        next_node = choose_next_node(graph, pheromones, path[-1], visited, alpha, beta)\n",
    "        path.append(next_node)\n",
    "        visited.add(next_node)\n",
    "        cost += graph[path[-2]][path[-1]]\n",
    "\n",
    "    cost += graph[path[-1]][path[0]]\n",
    "    return path, cost\n",
    "\n",
    "def choose_next_node(graph, pheromones, current_node, visited, alpha, beta):\n",
    "    unvisited_nodes = set(range(len(graph))) - visited\n",
    "    probabilities = calculate_probabilities(graph, pheromones, current_node, unvisited_nodes, alpha, beta)\n",
    "    next_node = np.random.choice(list(unvisited_nodes), p=probabilities)\n",
    "    return next_node\n",
    "\n",
    "def calculate_probabilities(graph, pheromones, current_node, unvisited_nodes, alpha, beta):\n",
    "    probabilities = []\n",
    "    total_pheromone = 0\n",
    "\n",
    "    for node in unvisited_nodes:\n",
    "        pheromone = pheromones[current_node][node]\n",
    "        visibility = 1 / graph[current_node][node]\n",
    "        total_pheromone += (pheromone ** alpha) * (visibility ** beta)\n",
    "\n",
    "    for node in unvisited_nodes:\n",
    "        pheromone = pheromones[current_node][node]\n",
    "        visibility = 1 / graph[current_node][node]\n",
    "        probability = (pheromone ** alpha) * (visibility ** beta) / total_pheromone\n",
    "        probabilities.append(probability)\n",
    "\n",
    "    return probabilities\n",
    "\n",
    "def update_pheromones(pheromones, path, cost, rho, q):\n",
    "    if cost == 0:\n",
    "        # Handle the case where the cost is zero to prevent division by zero\n",
    "        return\n",
    "\n",
    "    pheromone_deposit = q / cost\n",
    "\n",
    "    for i in range(len(path) - 1):\n",
    "        if cost != 0:\n",
    "            pheromones[path[i]][path[i + 1]] = (1 - rho) * pheromones[path[i]][path[i + 1]] + rho * pheromone_deposit\n",
    "\n",
    "    if cost != 0: \n",
    "        pheromones[path[-1]][path[0]] = (1 - rho) * pheromones[path[-1]][path[0]] + rho * pheromone_deposit\n",
    "\n",
    "\n",
    "def mmas_aco(graph, num_ants, num_iterations, alpha, beta, rho, q):\n",
    "    best_path = None\n",
    "    best_cost = float('inf')\n",
    "\n",
    "    for _ in range(num_iterations):\n",
    "        path, cost = ant_colony(graph, num_ants, alpha, beta, rho, q)\n",
    "        if cost < best_cost:\n",
    "            best_path = path\n",
    "            best_cost = cost\n",
    "\n",
    "    return best_path, best_cost\n"
   ]
  },
  {
   "cell_type": "code",
   "execution_count": 10,
   "id": "d509fec6",
   "metadata": {},
   "outputs": [
    {
     "name": "stdout",
     "output_type": "stream",
     "text": [
      " \n",
      "50 Ants, Best Cost: 40097.0\n",
      "150 Ants, Best Cost: 40140.0\n",
      "250 Ants, Best Cost: 40290.0\n",
      " \n",
      "50 Ants, Best Cost: 39723.0\n",
      "150 Ants, Best Cost: 37985.0\n",
      "250 Ants, Best Cost: 40101.0\n",
      " \n",
      "50 Ants, Best Cost: 40186.0\n",
      "150 Ants, Best Cost: 38821.0\n",
      "250 Ants, Best Cost: 41427.0\n",
      " \n",
      "50 Ants, Best Cost: 40428.0\n",
      "150 Ants, Best Cost: 40308.0\n",
      "250 Ants, Best Cost: 40503.0\n",
      " \n",
      "50 Ants, Best Cost: 40017.0\n",
      "150 Ants, Best Cost: 41226.0\n",
      "250 Ants, Best Cost: 39159.0\n"
     ]
    }
   ],
   "source": [
    "graph = costs\n",
    "\n",
    "# Set algorithm parameters\n",
    "num_iterations = 100\n",
    "alpha = 1.0\n",
    "beta = 2.0\n",
    "rho = 0.3\n",
    "q = 1.0\n",
    "\n",
    "num_ants = [50, 150, 250]\n",
    "d_num_ants2 = {\"50\": [], \"150\": [], \"250\": []}\n",
    "\n",
    "for _ in range(5):\n",
    "    print(\" \")\n",
    "    for i in num_ants:\n",
    "        # Run MMAS ACO\n",
